#name   :Type:Nx: Ny:Lat1     :Lon1:OrientLon: Dx:Dy:MeshLat :Scan:Lat2:Lon2:ScaleLat1:ScaleLat2:RadiusMax:RadiusMin
conus   :30:1073:689:20.191999:238.445999:265:5079.406:5079.406:25:64:        0:         0:25:25:6371200:6371200
alaska  :20: 825:553:40.530101:181.429000:210:    5953:    5953:60:64:        0:         0:90:90:6371200:6371200
puertori:10: 177:129:16.828691:291.804687:  0:    2500:    2500:20:64:19.747399:296.027600: 0: 0:6371200:6371200
guam    :10: 193:193:12.349882:143.686538:  0:    2500:    2500:20:64:16.794399:148.280000: 0: 0:6371200:6371200
hawaii  :10: 321:225:18.066780:198.374755:  0:    2500:    2500:20:64:23.082000:206.031000: 0: 0:6371200:6371200
227     :30:1473:1025:12.190  :226.541   :265:5079.40625:5079.40625:25:64:    0:         0:25:25:6371200:6371200 
227a    :30:1473:1025:12.190045  :226.54119 :265:5079.40625:5079.40625:25:64:    0:         0:25:25:6371200:6371200 
